Execution Time: 6.402918338775635
Path: [0, 5, 13, 14, 15, 16, 24, 17, 12, 4, 11, 6, 7, 1, 2, 8, 9, 3, 10, 23, 41, 40, 39, 38, 37, 36, 35, 34, 33, 32, 31, 30, 29, 28, 27, 26, 25, 44, 52, 73, 67, 63, 74, 76, 77, 80, 81, 86, 87, 88, 92, 97, 111, 122, 129, 113, 117, 120, 123, 124, 125, 126, 127, 130, 110, 109, 115, 119, 116, 121, 128, 118, 114, 108, 107, 112, 106, 105, 104, 99, 100, 101, 98, 93, 91, 102, 103, 96, 95, 94, 89, 90, 72, 71, 79, 85, 84, 83, 82, 78, 75, 62, 66, 70, 69, 65, 61, 64, 68, 54, 53, 45, 46, 47, 48, 49, 51, 50, 55, 56, 57, 58, 59, 60, 43, 42, 22, 21, 20, 19, 18, 0]
Cost: 640.6655120317977