Execution Time: 6.916249752044678
Path: [0, 5, 13, 14, 15, 16, 24, 25, 18, 19, 20, 21, 22, 41, 40, 39, 38, 37, 36, 35, 34, 33, 32, 31, 30, 29, 28, 27, 26, 53, 45, 44, 52, 73, 92, 97, 88, 76, 77, 80, 81, 86, 87, 91, 93, 98, 101, 100, 99, 104, 111, 129, 122, 113, 117, 120, 123, 124, 125, 126, 118, 114, 108, 107, 112, 106, 105, 130, 127, 128, 121, 116, 119, 115, 109, 110, 102, 103, 96, 95, 94, 90, 89, 72, 71, 79, 85, 84, 83, 82, 78, 75, 70, 66, 62, 69, 65, 61, 64, 68, 74, 67, 63, 54, 46, 47, 48, 49, 51, 50, 55, 56, 57, 58, 59, 60, 43, 42, 23, 10, 3, 9, 8, 2, 1, 7, 6, 11, 4, 12, 17, 0]
Cost: 635.1470393196088