Execution Time: 1.3342955112457275
Path: [0, 5, 11, 4, 12, 17, 24, 16, 15, 14, 13, 19, 20, 21, 22, 39, 38, 37, 36, 35, 34, 33, 32, 31, 30, 29, 28, 27, 18, 26, 25, 54, 53, 45, 44, 52, 73, 88, 92, 97, 111, 122, 129, 120, 117, 113, 105, 104, 99, 100, 101, 91, 93, 98, 106, 108, 107, 112, 123, 124, 130, 125, 126, 127, 128, 121, 116, 119, 115, 118, 114, 109, 110, 102, 103, 96, 95, 94, 89, 90, 72, 71, 79, 85, 84, 83, 82, 87, 86, 81, 80, 77, 76, 63, 67, 74, 68, 64, 61, 65, 69, 78, 75, 70, 66, 62, 46, 47, 48, 49, 50, 51, 55, 56, 57, 58, 59, 60, 43, 42, 40, 41, 23, 10, 3, 9, 8, 2, 1, 7, 6, 0]
Cost: 618.4810805291258