Execution Time: 2.593552827835083
Path: [0, 5, 6, 7, 1, 2, 8, 9, 3, 10, 22, 39, 38, 37, 36, 40, 41, 23, 42, 43, 60, 59, 58, 57, 56, 55, 51, 50, 49, 48, 47, 46, 54, 53, 77, 68, 64, 61, 65, 69, 62, 66, 70, 75, 78, 82, 83, 84, 85, 79, 71, 72, 89, 90, 94, 95, 96, 103, 102, 110, 109, 114, 118, 115, 119, 116, 121, 128, 127, 126, 130, 129, 122, 113, 117, 120, 111, 123, 124, 125, 108, 107, 112, 106, 105, 104, 99, 100, 101, 98, 93, 91, 87, 86, 81, 80, 92, 97, 88, 76, 74, 67, 63, 73, 52, 44, 45, 19, 20, 21, 35, 34, 33, 32, 31, 30, 29, 28, 27, 26, 25, 18, 24, 17, 16, 15, 14, 13, 11, 12, 4, 0]
Cost: 631.7868568892322