Execution Time: 0.19582509994506836
Path: [59, 58, 57, 56, 55, 50, 51, 49, 48, 47, 46, 54, 53, 45, 44, 52, 25, 26, 27, 28, 29, 30, 31, 32, 33, 34, 35, 36, 37, 38, 39, 40, 41, 42, 43, 23, 22, 21, 20, 19, 18, 16, 15, 14, 13, 11, 5, 0, 6, 7, 1, 2, 8, 9, 3, 10, 60, 72, 71, 79, 83, 84, 85, 82, 78, 75, 70, 66, 62, 65, 69, 68, 64, 61, 77, 80, 81, 86, 87, 91, 93, 98, 101, 100, 99, 104, 105, 106, 112, 107, 108, 114, 118, 115, 119, 116, 121, 128, 127, 126, 125, 124, 123, 120, 117, 113, 122, 129, 111, 97, 92, 88, 73, 67, 63, 74, 76, 24, 17, 12, 4, 89, 90, 94, 95, 96, 103, 102, 110, 109, 130, 59]
Cost: 723.1339469614122