Execution Time: 1.276667594909668
Path: [0, 5, 13, 11, 4, 12, 17, 24, 16, 15, 14, 18, 19, 20, 21, 22, 41, 40, 39, 38, 37, 36, 35, 34, 33, 32, 31, 30, 29, 28, 27, 26, 25, 44, 52, 73, 67, 77, 80, 81, 86, 93, 91, 87, 68, 64, 61, 65, 69, 62, 66, 70, 75, 78, 82, 83, 84, 85, 79, 71, 72, 90, 89, 94, 95, 96, 103, 102, 110, 109, 118, 115, 119, 116, 121, 128, 127, 130, 125, 126, 114, 108, 107, 98, 101, 100, 99, 104, 105, 106, 112, 124, 123, 113, 117, 120, 129, 122, 111, 97, 92, 88, 76, 74, 63, 53, 45, 54, 46, 47, 48, 49, 50, 51, 55, 56, 57, 58, 59, 60, 43, 42, 23, 10, 3, 9, 8, 2, 1, 7, 6, 0]
Cost: 615.3831839729837