Execution Time: 2.40030837059021
Path: [0, 5, 13, 14, 11, 4, 12, 17, 24, 16, 15, 18, 25, 26, 27, 19, 28, 29, 30, 31, 32, 20, 33, 46, 47, 48, 49, 50, 51, 57, 56, 55, 54, 53, 45, 44, 52, 73, 63, 67, 74, 76, 88, 92, 97, 111, 129, 122, 113, 117, 120, 130, 128, 121, 116, 119, 115, 118, 114, 108, 107, 91, 93, 98, 106, 112, 100, 99, 104, 101, 105, 123, 124, 125, 126, 127, 109, 110, 102, 103, 96, 95, 94, 90, 89, 87, 86, 81, 80, 77, 68, 64, 61, 65, 69, 62, 66, 70, 75, 78, 82, 83, 84, 85, 79, 71, 72, 58, 59, 60, 43, 42, 41, 40, 39, 38, 37, 36, 35, 34, 21, 22, 23, 10, 3, 9, 8, 2, 1, 7, 6, 0]
Cost: 628.0444628054718